1,1,49.080,397.369,186.947,505.521,0.87641,1,1
1,2,0.000,230.782,801.647,520.177,0.87035,1,1
1,3,222.648,405.154,122.853,455.444,0.86229,1,1
1,4,669.178,394.055,140.665,483.562,0.83872,1,1
1,5,0.161,554.568,57.560,316.931,0.66913,1,1
2,1,52.673,397.472,187.063,505.448,0.87040,1,1
2,2,1.124,229.265,803.236,521.174,0.88717,1,1
2,3,224.170,405.208,122.337,453.428,0.86421,1,1
2,4,670.238,396.039,139.762,481.534,0.85006,1,1
2,5,3.228,571.917,54.559,299.607,0.67017,1,1
3,1,53.499,396.969,187.731,506.704,0.87612,1,1
3,2,3.093,230.080,799.660,518.715,0.88448,1,1
3,3,225.665,405.874,122.366,453.534,0.86007,1,1
3,4,671.603,396.427,138.397,482.982,0.84488,1,1
3,5,5.037,574.267,54.489,297.491,0.59031,1,1
4,1,55.827,396.258,188.346,507.571,0.87578,1,1
4,2,3.110,229.791,800.858,519.350,0.88394,1,1
4,3,227.652,406.113,122.501,453.945,0.86032,1,1
4,4,672.484,397.511,137.516,483.127,0.85787,1,1
4,5,8.320,577.033,54.977,296.587,0.52134,1,1
5,1,57.960,397.335,188.108,506.233,0.87307,1,1
5,2,5.402,229.361,798.696,517.611,0.88903,1,1
5,3,229.425,406.523,122.533,454.113,0.84917,1,1
5,4,674.743,406.540,135.257,473.367,0.84539,1,1
5,5,11.303,582.924,54.239,288.947,0.49776,1,1
6,1,59.772,396.200,188.482,506.923,0.87117,1,1
6,2,10.226,229.137,794.760,514.716,0.88516,1,1
6,3,231.535,406.339,122.710,454.380,0.84268,1,1
6,4,676.163,408.956,133.837,471.617,0.84705,1,1
6,5,11.218,570.230,56.965,300.343,0.55796,1,1
7,1,61.980,396.634,188.314,506.008,0.86740,1,1
7,2,17.284,229.025,791.097,512.332,0.88838,1,1
7,3,234.128,406.200,122.919,454.857,0.83663,1,1
7,4,682.156,446.477,126.197,434.832,0.84309,1,1
7,5,16.338,566.863,59.403,305.591,0.38201,1,1
8,1,64.268,397.938,186.988,502.579,0.84631,1,1
8,2,17.489,228.991,792.511,515.180,0.88225,1,1
8,3,236.990,405.986,122.919,454.890,0.83737,1,1
8,4,686.205,471.038,119.792,410.429,0.85912,1,1
9,1,67.252,396.960,187.008,502.300,0.84823,1,1
9,2,19.056,228.644,790.944,515.642,0.88935,1,1
9,3,239.331,406.236,122.753,453.971,0.83601,1,1
9,4,688.086,477.835,117.820,401.732,0.85213,1,1
10,1,68.560,396.347,188.095,504.975,0.86514,1,1
10,2,18.725,229.142,791.275,513.890,0.87128,1,1
10,3,241.098,407.274,122.729,453.206,0.82779,1,1
10,4,688.085,471.350,120.143,409.561,0.82310,1,1
11,1,69.547,396.037,188.424,505.957,0.86470,1,1
11,2,18.394,229.549,791.606,514.950,0.86333,1,1
11,3,243.778,407.326,123.357,454.904,0.83604,1,1
11,4,687.473,462.952,122.527,419.113,0.80901,1,1
11,5,22.410,593.132,57.686,276.803,0.29815,1,1
12,1,69.516,396.346,187.742,505.506,0.86746,1,1
12,2,15.940,229.982,794.060,516.916,0.88869,1,1
12,3,245.389,407.772,123.686,455.352,0.83216,1,1
12,4,688.594,463.822,121.406,417.715,0.76987,1,1
12,5,23.529,589.078,58.871,279.777,0.27723,1,1
13,1,70.187,396.292,187.300,505.325,0.84416,1,1
13,2,17.156,230.188,792.844,518.702,0.89571,1,1
13,3,246.883,407.610,123.972,455.419,0.83813,1,1
13,4,691.805,481.009,117.643,401.724,0.77824,1,1
13,5,21.187,562.802,64.785,305.803,0.34391,1,1
14,1,72.582,395.731,187.701,506.084,0.84897,1,1
14,2,19.333,230.032,790.667,517.724,0.89599,1,1
14,3,248.714,407.242,123.866,454.852,0.84273,1,1
14,4,692.147,477.310,117.853,406.082,0.76796,1,1
15,1,75.558,398.891,187.549,504.131,0.83761,1,1
15,2,20.616,229.961,789.384,516.995,0.89490,1,1
15,3,250.877,406.755,123.435,453.723,0.84098,1,1
15,4,695.446,491.614,114.246,390.648,0.75454,1,1
15,11,0.000,381.435,30.633,371.037,0.32280,1,1
16,1,77.453,397.691,188.300,505.132,0.85440,1,1
16,2,21.155,230.211,788.845,517.245,0.89602,1,1
16,3,252.634,406.520,123.383,453.441,0.84284,1,1
16,4,698.220,502.316,111.239,380.052,0.76558,1,1
16,11,0.000,380.062,31.742,390.958,0.31887,1,1
17,1,79.947,396.905,189.132,506.050,0.86822,1,1
17,2,21.246,230.183,788.754,517.550,0.87730,1,1
17,3,254.383,406.794,123.276,452.541,0.85566,1,1
17,4,700.583,511.151,108.934,371.975,0.71205,1,1
17,11,0.000,338.232,34.288,439.606,0.30494,1,1
18,1,82.025,397.139,189.644,505.517,0.84309,1,1
18,2,21.697,230.666,788.303,518.041,0.89518,1,1
18,3,256.399,406.794,123.280,452.597,0.85973,1,1
18,4,705.019,539.411,101.543,343.342,0.55340,1,1
18,11,0.000,326.468,36.227,456.793,0.30454,1,1
19,1,83.776,397.687,189.578,504.876,0.85445,1,1
19,2,21.890,230.956,788.110,518.935,0.89613,1,1
19,3,258.390,407.229,123.056,451.390,0.85500,1,1
19,4,710.003,572.406,93.229,309.469,0.60646,1,1
19,11,0.627,349.484,36.472,441.856,0.33284,1,1
20,1,85.775,397.905,189.632,505.030,0.86845,1,1
20,2,23.351,231.144,786.649,519.653,0.88596,1,1
20,3,259.871,406.729,123.320,452.123,0.85900,1,1
20,4,714.104,598.342,87.665,285.125,0.68815,1,1
20,11,3.040,371.633,35.560,425.304,0.27688,1,1
20,5,37.277,590.937,64.784,277.197,0.39640,1,1
21,1,88.283,397.789,189.854,505.108,0.86784,1,1
21,2,31.247,230.623,778.753,515.205,0.87665,1,1
21,3,262.385,406.109,123.506,452.977,0.85985,1,1
21,4,715.721,608.599,86.125,275.015,0.63170,1,1
21,11,3.797,377.796,35.919,423.742,0.31040,1,1
21,5,38.344,596.103,64.649,273.327,0.39479,1,1
22,1,91.150,398.953,189.309,503.055,0.85297,1,1
22,2,33.494,229.715,776.506,518.369,0.88277,1,1
22,3,264.645,404.178,124.297,456.232,0.86107,1,1
22,4,717.119,614.252,85.085,267.001,0.62500,1,1
22,11,5.027,396.868,35.045,405.252,0.35706,1,1
22,5,39.706,600.140,64.156,269.881,0.39579,1,1
23,1,94.094,398.869,188.517,501.427,0.83644,1,1
23,2,34.636,229.269,775.364,519.828,0.86827,1,1
23,3,266.892,403.460,124.517,457.293,0.86528,1,1
23,4,719.193,617.087,85.098,264.305,0.51994,1,1
23,11,5.884,410.199,34.917,393.881,0.40625,1,1
23,5,43.664,589.946,66.960,279.929,0.36958,1,1
24,1,96.329,398.128,189.189,502.751,0.85395,1,1
24,2,36.114,229.415,773.886,520.235,0.86393,1,1
24,3,268.905,403.532,124.475,457.287,0.86215,1,1
24,4,722.655,636.248,80.647,245.995,0.57183,1,1
24,11,6.594,421.800,35.074,384.191,0.36844,1,1
24,5,45.799,599.893,65.000,269.659,0.46384,1,1
